100,100
100,100
100,100
-0.82878,100
