100,100
100,100
100,100
-0.6477,100
