100,100
-0.24896,100
100,100
100,100
100,100
